      0/64      9.3G   0.07485  0.001885         0   0.07674        13       640    0.4728    0.2794    0.2306    0.1095   0.09168   0.01253         0
      1/64       11G   0.06286  0.002104         0   0.06496        18       640    0.9422     0.364       0.4    0.2125   0.08222   0.01702         0
      2/64       11G   0.05843  0.001897         0   0.06033         9       640         0         0         0         0    0.1103    0.1406         0
      3/64       11G    0.0571  0.001673         0   0.05877        22       640    0.1547    0.3088   0.05956   0.00675   0.09873   0.04898         0
      4/64       11G   0.05579  0.001644         0   0.05743        11       640     0.872    0.8824    0.9176    0.5551   0.06796   0.01145         0
      5/64       11G   0.05369  0.001602         0   0.05529        14       640   0.04171    0.1397  0.007955  0.001053   0.09231   0.01439         0
      6/64       11G   0.05079  0.001617         0    0.0524        26       640         0         0         0         0    0.1117    0.0248         0
      7/64       11G   0.05067  0.001599         0   0.05227        15       640    0.2848    0.2226    0.1236   0.03577   0.08119   0.01089         0
      8/64       11G    0.0451  0.001684         0   0.04679        19       640    0.9677    0.8823    0.9676    0.5898   0.06433  0.008762         0
      9/64       11G   0.04585  0.001516         0   0.04736        19       640    0.9109    0.9779    0.9831    0.3992    0.0708  0.007533         0
     10/64       11G    0.0495  0.001673         0   0.05117        13       640    0.9927    0.9963    0.9931    0.6311   0.06192  0.007697         0
     11/64       11G   0.04425  0.001659         0   0.04591         9       640    0.9158    0.8799    0.9698      0.64   0.06416  0.007787         0
     12/64       11G   0.04475  0.001577         0   0.04633        20       640  0.002333    0.5294  0.001421 0.0003747   0.08201   0.01324         0
     13/64       11G    0.0482  0.001547         0   0.04975        13       640    0.6134    0.8051    0.6247    0.1876   0.07792  0.006531         0
     14/64       11G   0.04721  0.001534         0   0.04874        15       640    0.7802    0.7308    0.7921    0.3272   0.07403  0.005744         0
     15/64       11G   0.04794  0.001479         0   0.04942        13       640    0.7204    0.3125    0.3022   0.06578   0.08616  0.007541         0
     16/64       11G   0.04595   0.00162         0   0.04757        18       640 4.369e-05  0.003676  4.03e-07 2.015e-07   0.08707  0.009226         0
     17/64       11G    0.0437  0.001621         0   0.04532        16       640    0.6812    0.9742    0.7316    0.3309   0.07164  0.006423         0
     18/64       11G   0.04352   0.00167         0   0.04519        20       640    0.9808    0.9449    0.9859    0.5372   0.06546  0.006652         0
     19/64       11G    0.0427  0.001613         0   0.04432        21       640    0.9207    0.8235    0.8821    0.4384   0.06865  0.006552         0
     20/64       11G   0.04168  0.001673         0   0.04335         9       640    0.9563    0.9743    0.9879    0.4312    0.0671   0.00638         0
     21/64       11G   0.04286  0.001662         0   0.04452        12       640    0.9995    0.9853    0.9949    0.4554   0.06411  0.007435         0
     22/64       11G   0.03936  0.001813         0   0.04118        24       640    0.9275    0.9877    0.9904    0.6161   0.06378  0.007291         0
     23/64       11G   0.03871  0.001596         0    0.0403        11       640    0.9815    0.9743    0.9926    0.5741   0.06392  0.006955         0
     24/64       11G   0.04191  0.001727         0   0.04363        18       640     0.926    0.9654    0.9855    0.6359    0.0615  0.006314         0
     25/64       11G   0.03778  0.001703         0   0.03949        16       640    0.9855    0.9963    0.9946    0.6007   0.05904  0.007493         0
     26/64       11G   0.04005  0.001567         0   0.04162        13       640    0.9577    0.9522    0.9885    0.6215   0.05995  0.006639         0
     27/64       11G   0.03808  0.001675         0   0.03975         8       640    0.9961    0.9743    0.9937    0.6883   0.05689  0.007149         0
     28/64       11G   0.03849  0.001619         0   0.04011        22       640         1    0.9852    0.9949    0.6085   0.05877  0.006632         0
     29/64       11G   0.03774  0.001688         0   0.03943        15       640    0.9962         1    0.9951    0.6853    0.0616  0.005948         0
     30/64       11G   0.03851  0.001587         0   0.04009        15       640    0.9957         1    0.9951    0.6414   0.05844  0.006177         0
     31/64       11G   0.03668  0.001645         0   0.03832        20       640    0.9819    0.9963    0.9935    0.5533   0.05923  0.006304         0
     32/64       11G   0.03616  0.001711         0   0.03787        14       640     0.989         1     0.995    0.5376   0.05698  0.007029         0
     33/64       11G   0.03523  0.001588         0   0.03681         8       640    0.9968   0.08824   0.09112   0.03615   0.07378  0.008825         0
     34/64       11G   0.03312   0.00187         0   0.03499        15       640    0.9963         1    0.9951     0.589   0.05234  0.007523         0
     35/64       11G   0.03478  0.001873         0   0.03665        15       640    0.9778    0.9736    0.9935    0.7156    0.0517  0.007572         0
     36/64       11G   0.03226  0.001716         0   0.03398        13       640    0.9999         1    0.9951    0.7382   0.04975  0.007552         0
     37/64       11G   0.03312  0.001726         0   0.03485        12       640    0.9854    0.9923    0.9945    0.6349   0.05177  0.007407         0
     38/64       11G   0.02948  0.001764         0   0.03124        14       640    0.9963         1    0.9951    0.7146     0.049  0.007504         0
     39/64       11G   0.03017  0.001741         0   0.03191        17       640    0.9999         1    0.9951    0.7216    0.0503  0.007137         0
     40/64       11G   0.03107  0.001686         0   0.03276        11       640    0.9924    0.9595    0.9918    0.7054   0.04887  0.007698         0
     41/64       11G   0.02947  0.001644         0   0.03112        20       640    0.9925    0.9853    0.9939    0.7353   0.04818  0.007697         0
     42/64       11G   0.02959  0.001714         0   0.03131        14       640    0.9963         1    0.9952    0.7324    0.0507  0.007366         0
     43/64       11G   0.03056  0.001636         0    0.0322        12       640    0.9963    0.9925    0.9951    0.6979   0.05055  0.007495         0
     44/64       11G   0.02934  0.001681         0   0.03102        12       640    0.9963         1    0.9951    0.6567   0.04832  0.007501         0
     45/64       11G   0.02898   0.00177         0   0.03075        15       640     0.989         1    0.9949    0.7517   0.04822  0.007296         0
     46/64       11G   0.02936  0.001594         0   0.03095        15       640    0.9963         1    0.9951    0.7652   0.04802  0.007497         0
     47/64       11G   0.02866  0.001749         0   0.03041        18       640    0.9889    0.9963    0.9948    0.7148   0.04773  0.007378         0
     48/64       11G   0.02724  0.001584         0   0.02883        12       640     0.989         1    0.9946    0.7288   0.04918   0.00725         0
     49/64       11G   0.02725  0.001618         0   0.02886        17       640    0.9847    0.9559    0.9919    0.7365   0.04787  0.007389         0
     50/64       11G   0.02811  0.001779         0   0.02989        21       640    0.9963    0.9999     0.995    0.6827   0.04719  0.007392         0
     51/64       11G   0.02761  0.001639         0   0.02925        15       640    0.9963         1    0.9952    0.7248   0.04726  0.007366         0
     52/64       11G   0.02701  0.001674         0   0.02869        19       640    0.9963         1    0.9952    0.7202   0.04672  0.007419         0
     53/64       11G    0.0258  0.001644         0   0.02744        11       640    0.9963         1    0.9951    0.7035   0.04746  0.007428         0
     54/64       11G   0.02487  0.001745         0   0.02661        18       640    0.9963         1    0.9951    0.7377   0.04602  0.007485         0
     55/64       11G   0.02462  0.001675         0    0.0263        10       640    0.9963    0.9997     0.995      0.75   0.04601  0.007452         0
     56/64       11G   0.02648  0.001604         0   0.02808        14       640    0.9819    0.9962    0.9949    0.7172    0.0466  0.007393         0
     57/64       11G   0.02549  0.001712         0   0.02721        12       640    0.9891         1    0.9951     0.736   0.04551  0.007407         0
     58/64       11G   0.02546  0.001732         0   0.02719        17       640    0.9962    0.9963    0.9951    0.7264   0.04616  0.007399         0
     59/64       11G    0.0246  0.001609         0   0.02621        20       640    0.9855    0.9963    0.9948    0.7544   0.04507   0.00743         0
     60/64       11G   0.02529    0.0016         0   0.02689        16       640    0.9889    0.9963     0.995    0.7217   0.04571  0.007349         0
     61/64       11G   0.02548  0.001692         0   0.02718        15       640    0.9963     0.989    0.9948    0.7487   0.04545  0.007377         0
     62/64       11G   0.02522  0.001664         0   0.02688        13       640    0.9963    0.9963    0.9952    0.7338     0.046  0.007333         0
     63/64       11G   0.02412  0.001692         0   0.02581        18       640    0.9963     0.989    0.9947    0.7619   0.04533  0.007212         0
     64/64       11G   0.02478  0.001596         0   0.02638        11       640    0.9963    0.9963    0.9952     0.738   0.04633  0.007158         0
