      0/64     10.7G   0.07122   0.00485         0   0.07607        24       640    0.1055    0.6729   0.08545   0.04805   0.08223    0.0121         0
      1/64     10.7G   0.04374  0.003608         0   0.04734        33       640    0.9975    0.9234    0.9616    0.6818   0.07789  0.008361         0
      2/64     10.7G   0.03564  0.003225         0   0.03886        25       640    0.9999    0.9211    0.9641    0.6731   0.07512  0.008357         0
      3/64     10.7G   0.03397  0.002759         0   0.03672        34       640         1    0.9419    0.9809    0.7182    0.0739  0.008304         0
      4/64     10.7G   0.03072   0.00262         0   0.03334        15       640    0.9767     0.972     0.992    0.8314    0.0716  0.007407         0
      5/64     10.7G   0.02646  0.002553         0   0.02902        28       640    0.9973    0.9397    0.9864    0.8034   0.07761  0.007109         0
      6/64     10.7G    0.0274  0.002367         0   0.02977        22       640      0.99    0.9536    0.9911    0.8021   0.07344  0.006914         0
      7/64     10.7G   0.03033  0.002414         0   0.03274        26       640    0.9709    0.9274    0.9634    0.7264   0.07307  0.007466         0
      8/64     10.7G   0.02745  0.002486         0   0.02994        44       640    0.9998    0.9954    0.9952       0.8   0.07602  0.006204         0
      9/64     10.7G   0.02519  0.002214         0   0.02741        30       640    0.9815    0.9836    0.9941    0.7129    0.0801  0.006537         0
     10/64     10.7G   0.02605  0.002443         0    0.0285        28       640    0.9974    0.9513    0.9769    0.5889   0.09107  0.005611         0
     11/64     10.7G   0.02366   0.00232         0   0.02598        29       640    0.9975    0.9582    0.9933    0.8283   0.08632  0.005177         0
     12/64     10.7G   0.02302  0.002321         0   0.02535        21       640    0.9813    0.9743    0.9939     0.753    0.0862  0.004515         0
     13/64     10.7G   0.02266  0.002181         0   0.02484        22       640    0.9808    0.9559    0.9923    0.6348   0.08654  0.004197         0
     14/64     10.7G   0.02167  0.002204         0   0.02387        37       640    0.9902    0.9536    0.9903    0.8328   0.08309  0.004534         0
     15/64     10.7G   0.02065  0.002179         0   0.02283        32       640    0.9727    0.9954    0.9943    0.8054   0.08884  0.004941         0
     16/64     10.7G   0.02032  0.001969         0   0.02229        37       640    0.9883    0.9789    0.9945    0.7474   0.08847  0.004169         0
     17/64     10.7G   0.01911   0.00198         0   0.02109        23       640     0.986         1    0.9948    0.6043   0.09086  0.003976         0
     18/64     10.7G   0.01822  0.001897         0   0.02012        20       640    0.9838    0.9907    0.9948    0.5586   0.09144  0.004127         0
     19/64     10.7G   0.01857  0.001948         0   0.02052        33       640    0.9862    0.9976    0.9949    0.8147   0.08926  0.004265         0
     20/64     10.7G    0.0182  0.001824         0   0.02003        22       640    0.9793    0.9884    0.9937    0.6618   0.08856  0.004348         0
     21/64     10.7G   0.01698  0.001781         0   0.01876        17       640    0.9862    0.9977    0.9949    0.7866    0.0847  0.004176         0
     22/64     10.7G   0.01829  0.001893         0   0.02019        33       640    0.9931    0.9999    0.9951    0.6945   0.08889  0.004089         0
     23/64     10.7G    0.0166   0.00183         0   0.01843        30       640    0.9838    0.9883    0.9949    0.8288   0.08578  0.004007         0
     24/64     10.7G   0.01741  0.001709         0   0.01912        44       640    0.9881    0.9977    0.9951    0.7816   0.08545  0.004533         0
     25/64     10.7G   0.01714  0.001762         0    0.0189        39       640    0.9951    0.9443    0.9856    0.7822   0.08454  0.004854         0
     26/64     10.7G   0.01747   0.00185         0   0.01932        28       640    0.9977         1    0.9951    0.8032   0.08638  0.004274         0
     27/64     10.7G   0.01711  0.001778         0   0.01889        25       640    0.9385    0.8858     0.876    0.6569    0.0925  0.005827         0
     28/64     10.7G   0.01875  0.002059         0   0.02081        26       640         1    0.9977    0.9951    0.7869   0.07418  0.005259         0
     29/64     10.7G   0.02012  0.002137         0   0.02226        26       640    0.9717    0.9072    0.9716    0.3793     0.103   0.00966         0
     30/64     10.7G   0.02449  0.002381         0   0.02687        26       640         0         0         0         0    0.1276     0.516         0
     31/64     10.7G   0.02129  0.002378         0   0.02367        30       640    0.9976     0.993    0.9951    0.8418    0.0835  0.004453         0
     32/64     10.7G   0.01934  0.002112         0   0.02146        39       640    0.9907    0.9928    0.9949     0.849   0.08163  0.004367         0
     33/64     10.7G   0.02273  0.002623         0   0.02535        20       640    0.9976    0.9513    0.9572    0.6785   0.08861  0.006539         0
     34/64     10.7G   0.02373  0.002525         0   0.02626        28       640         1    0.9884     0.995    0.8263   0.08268  0.004356         0
     35/64     10.7G   0.02131  0.002291         0    0.0236        16       640         1    0.9977    0.9952      0.86   0.08187  0.004559         0
