      0/64     11.9G    0.0367       2.1         0     2.136        13       640         0         0         0         0    0.0453    0.8751         0
      1/64     11.9G   0.03459    0.5132         0    0.5478        12       640         0         0         0         0    0.0453    0.2948         0
      2/64     11.9G   0.03913    0.2057         0    0.2448        17       640         0         0         0         0    0.0453    0.1397         0
      3/64     11.9G   0.03558   0.09513         0    0.1307        17       640         0         0         0         0    0.0453   0.06735         0
      4/64     11.9G   0.04068    0.0438         0   0.08447        17       640         0         0         0         0    0.0453   0.03383         0
      5/64     11.9G   0.03654   0.02316         0   0.05969        16       640         0         0         0         0    0.0453   0.01921         0
      6/64     11.9G   0.03514    0.0142         0   0.04934        14       640         0         0         0         0   0.04531   0.01213         0
      7/64     11.9G   0.03593  0.009837         0   0.04577        12       640         0         0         0         0   0.04531  0.008324         0
      8/64     11.9G   0.04367  0.007287         0   0.05096        18       640         0         0         0         0   0.04531  0.006235         0
      9/64     11.9G   0.03393    0.0058         0   0.03973        16       640         0         0         0         0   0.04531  0.004973         0
     10/64     11.9G   0.03433  0.004756         0   0.03908        14       640         0         0         0         0   0.04531  0.004044         0
     11/64     11.9G   0.03912  0.003928         0   0.04305        10       640         0         0         0         0   0.04531  0.003402         0
     12/64     11.9G   0.03785  0.003427         0   0.04127        17       640         0         0         0         0   0.04532  0.002617         0
     13/64     11.9G    0.0422  0.002915         0   0.04512        19       640         0         0         0         0   0.04535  0.002022         0
     14/64     11.9G   0.04276  0.002658         0   0.04542        20       640         0         0         0         0   0.04531  0.001958         0
     15/64     11.9G   0.03498  0.002376         0   0.03735        19       640         0         0         0         0   0.04596  0.001419         0
     16/64     11.9G   0.04711   0.00217         0   0.04928        15       640         0         0         0         0   0.04569  0.001365         0
     17/64     11.9G   0.03421  0.001994         0    0.0362        15       640         0         0         0         0   0.04862  0.001354         0
     18/64     11.9G    0.0377  0.001817         0   0.03951        20       640         0         0         0         0   0.04886  0.001698         0
     19/64     11.9G   0.04176  0.001697         0   0.04346        12       640         0         0         0         0   0.04732   0.01282         0
     20/64     11.9G    0.0366  0.001638         0   0.03824        22       640         0         0         0         0   0.04618  0.002295         0
     21/64     11.9G   0.03686  0.001544         0    0.0384        19       640         0         0         0         0   0.04665  0.004111         0
     22/64     11.9G   0.03705  0.001469         0   0.03851        13       640 0.0005128      0.05 2.477e-05 2.851e-06   0.04971  0.004353         0
     23/64     11.9G   0.03582  0.001465         0   0.03728        14       640 0.0001867      0.03 5.965e-06 6.634e-07   0.04606  0.001538         0
     24/64     11.9G   0.03301  0.001321         0   0.03433        15       640         0         0         0         0   0.04528  0.001137         0
     25/64     11.9G   0.03668  0.001306         0   0.03798        17       640         0         0         0         0   0.04542  0.000943         0
     26/64     11.9G   0.04268  0.001331         0   0.04401        23       640         0         0         0         0   0.04545 0.0009309         0
     27/64     11.9G   0.03758  0.001254         0   0.03884        18       640         0         0         0         0   0.04602 0.0008265         0
     28/64     11.9G   0.03801  0.001254         0   0.03926        12       640         0         0         0         0   0.04573  0.001172         0
     29/64     11.9G   0.03994  0.001198         0   0.04114        16       640         0         0         0         0   0.04568 0.0009606         0
     30/64     11.9G    0.0322  0.001258         0   0.03346        30       640         0         0         0         0   0.04535  0.000816         0
     31/64     11.9G   0.03493  0.001267         0    0.0362        16       640         0         0         0         0   0.04535 0.0008044         0
     32/64     11.9G    0.0338   0.00109         0   0.03489        23       640         0         0         0         0   0.04536 0.0007732         0
     33/64     11.9G   0.03187  0.001176         0   0.03305        13       640         0         0         0         0   0.04534 0.0007546         0
     34/64     11.9G   0.03151  0.001248         0   0.03276        11       640         0         0         0         0   0.04569 0.0007494         0
     35/64     11.9G   0.03317  0.001047         0   0.03422        18       640         0         0         0         0   0.04534 0.0007248         0
     36/64     11.9G    0.0325   0.00111         0   0.03361        20       640         0         0         0         0   0.04533  0.000712         0
     37/64     11.9G   0.03115  0.001156         0   0.03231        30       640         0         0         0         0   0.04551 0.0006693         0
     38/64     11.9G   0.03017  0.001173         0   0.03134        20       640         0         0         0         0   0.04549 0.0006821         0
     39/64     11.9G   0.03013 0.0009724         0    0.0311        17       640         0         0         0         0   0.04547    0.0007         0
     40/64     11.9G   0.02832   0.00101         0   0.02933        19       640   0.01725      0.01  0.002284 0.0003182   0.03647  0.001687         0
     41/64     11.9G   0.02489 0.0009937         0   0.02589        25       640   0.02424      0.28   0.01057  0.002009   0.03493  0.001342         0
     42/64     11.9G   0.02167 0.0009177         0   0.02259        14       640    0.1833      0.09   0.03614  0.003918    0.0323  0.001419         0
     43/64     11.9G    0.0212 0.0009338         0   0.02214        15       640    0.1753       0.2   0.07566   0.01137    0.0306  0.001332         0
     44/64     11.9G   0.02028  0.000876         0   0.02116        21       640    0.5378      0.42    0.3475   0.05973   0.03233 0.0009534         0
     45/64     11.9G   0.01936 0.0009188         0   0.02028        12       640         0         0         0         0   0.03855   0.00221         0
     46/64     11.9G   0.02065 0.0008424         0   0.02149        17       640  0.000404      0.08 4.554e-05 5.381e-06   0.03884  0.001392         0
     47/64     11.9G   0.01758 0.0008179         0    0.0184        16       640    0.0116      0.34  0.005378 0.0008425   0.03382  0.001244         0
     48/64     11.9G   0.01688 0.0008606         0   0.01774        24       640   0.01169      0.04  0.001383 0.0001739   0.03442  0.001137         0
     49/64     11.9G   0.01592 0.0008843         0    0.0168        22       640         0         0         0         0   0.04265 0.0009037         0
     50/64     11.9G    0.0144 0.0007868         0   0.01519        21       640     0.683      0.54    0.4521   0.09148   0.02803 0.0006615         0
     51/64     11.9G   0.01511 0.0008153         0   0.01593        23       640    0.6443      0.59    0.5508    0.1187   0.02666 0.0008359         0
     52/64     11.9G   0.01517 0.0007937         0   0.01596        15       640    0.5333       0.5    0.4097    0.1111   0.02623  0.001008         0
     53/64     11.9G   0.01399 0.0008071         0    0.0148        13       640    0.8281    0.5298    0.4806     0.111   0.02802 0.0006556         0
     54/64     11.9G   0.01507 0.0007011         0   0.01577         9       640    0.8988      0.54    0.5232    0.1128   0.02818 0.0006435         0
     55/64     11.9G   0.01313 0.0008163         0   0.01394        15       640    0.6489      0.37    0.2492   0.04627   0.03072 0.0005912         0
     56/64     11.9G   0.01358  0.000743         0   0.01432         7       640    0.9216       0.6    0.5891    0.1843   0.02712 0.0005934         0
     57/64     11.9G   0.01265 0.0007532         0   0.01341         8       640    0.8235    0.5598    0.5214    0.1214   0.02812 0.0006243         0
     58/64     11.9G   0.01235 0.0007784         0   0.01313        16       640    0.7464      0.48    0.4177   0.09671   0.02815 0.0006239         0
     59/64     11.9G   0.01241 0.0008202         0   0.01323        14       640    0.8416    0.5847    0.6158    0.1892   0.02528  0.000597         0
     60/64     11.9G   0.01169 0.0007299         0   0.01242        18       640    0.7584      0.54    0.4601   0.08262   0.02792 0.0006099         0
     61/64     11.9G   0.01196 0.0007704         0   0.01273        13       640    0.6947      0.55    0.4476    0.1183   0.02621 0.0006116         0
     62/64     11.9G   0.01339 0.0007827         0   0.01417        19       640    0.6267      0.54    0.4166   0.09349   0.02769 0.0006216         0
     63/64     11.9G   0.01084  0.000799         0   0.01164        12       640    0.7051    0.5499    0.4218    0.1218   0.02585 0.0005942         0
     64/64     11.9G   0.01141 0.0007547         0   0.01217        21       640    0.7716      0.58    0.4788    0.1233   0.02562 0.0005874         0
