      0/49     9.95G   0.06612  0.002155         0   0.06827        16       640  0.001409   0.01236 5.211e-05 8.796e-06    0.1481  0.002232         0
      1/49     10.6G    0.0631  0.002126         0   0.06523        15       640    0.0088   0.02472 0.0003915  0.000105    0.1462  0.002467         0
      2/49     10.6G   0.06246  0.002082         0   0.06454        15       640   0.03657   0.01011  0.001742 0.0003135    0.1481  0.002059         0
      3/49     10.6G   0.05897  0.002144         0   0.06111        15       640   0.01844   0.02247  0.001125 0.0002432    0.1461  0.002468         0
      4/49     10.6G   0.06568  0.002078         0   0.06776        14       640 0.0001172  0.001124 9.098e-07 9.098e-08    0.1514  0.001577         0
      5/49     10.6G    0.0704  0.001918         0   0.07232        12       640 0.0008752  0.001124 5.263e-06 1.325e-06    0.1592  0.004079         0
      6/49     10.6G    0.0881  0.001493         0   0.08959        20       640         0         0         0         0    0.1625  0.001754         0
      7/49     10.6G   0.08314  0.001589         0   0.08473        17       640 1.788e-05  0.002247 1.478e-07 2.527e-08    0.1591  0.001473         0
      8/49     10.6G   0.07183  0.001758         0   0.07359        19       640         0         0         0         0     0.161  0.001292         0
      9/49     10.6G    0.0705  0.001862         0   0.07236        21       640 0.0006479   0.01011 1.704e-05 2.864e-06    0.1601  0.001311         0
     10/49     10.6G    0.0691  0.001983         0   0.07108        12       640  0.001096    0.0191 4.714e-05 1.376e-05    0.1565  0.001546         0
     11/49     10.6G    0.0781  0.001922         0   0.08002        19       640         0         0         0         0    0.1583  0.001302         0
     12/49     10.6G   0.07615  0.001846         0   0.07799        14       640         0         0         0         0    0.1527 0.0004373         0
     13/49     10.6G   0.07963  0.001747         0   0.08138         8       640         0         0         0         0    0.1527 0.0009895         0
     14/49     10.6G   0.07979  0.001663         0   0.08145        16       640         0         0         0         0     0.158  0.001274         0
     15/49     10.6G   0.07653  0.001813         0   0.07835        21       640         0         0         0         0    0.1603  0.001441         0
     16/49     10.6G   0.07288  0.001951         0   0.07483        21       640 2.784e-05  0.001124  2.45e-07 4.899e-08    0.1588  0.001567         0
     17/49     10.6G   0.06964  0.002069         0   0.07171        12       640  0.000212   0.01011 3.228e-06 4.327e-07    0.1582  0.001578         0
     18/49     10.6G   0.06975   0.00206         0   0.07181        20       640  0.000754  0.003371 6.879e-06 1.068e-06    0.1602  0.001543         0
     19/49     10.6G   0.07231  0.001901         0   0.07422        17       640 0.0001035   0.01124 1.728e-06 2.659e-07    0.1623  0.001786         0
     20/49     10.6G   0.07201  0.001832         0   0.07384        14       640 9.886e-05  0.001124 6.925e-07 6.925e-08    0.1594  0.001355         0
     21/49     10.6G   0.06915  0.002041         0   0.07119        24       640 0.0001171  0.005618 1.281e-06 5.214e-07    0.1591  0.001536         0
     22/49     10.6G   0.07444  0.001897         0   0.07634        15       640         0         0         0         0    0.1638  0.001287         0
     23/49     10.6G   0.07657  0.001696         0   0.07826        15       640         0         0         0         0    0.1597  0.001235         0
     24/49     10.6G   0.07568  0.001863         0   0.07754        17       640 9.526e-05  0.003371 8.518e-07 1.204e-07    0.1579  0.001782         0
     25/49     10.6G   0.07121   0.00185         0   0.07306        17       640 0.0005694   0.01798 1.324e-05 2.429e-06     0.158  0.001742         0
     26/49     10.6G   0.06705  0.001995         0   0.06904        15       640 0.0004838   0.01011 7.383e-06 1.441e-06    0.1584  0.001711         0
     27/49     10.6G   0.06863   0.00205         0   0.07068        16       640 0.0003452   0.01011 5.412e-06 1.069e-06    0.1584  0.001798         0
     28/49     10.6G   0.06192  0.001981         0   0.06391         9       640  0.001124   0.01461 4.429e-05  1.31e-05    0.1606  0.001661         0
     29/49     10.6G   0.06075  0.002139         0   0.06289         8       640  0.001133   0.02247 4.209e-05 8.784e-06     0.157  0.002012         0
     30/49     10.6G   0.06521  0.002073         0   0.06729         7       640  0.002817    0.0236 9.339e-05 2.044e-05    0.1551  0.001949         0
     31/49     10.6G   0.06198  0.002132         0   0.06411         7       640  0.001615   0.02921 7.562e-05 1.323e-05    0.1537  0.002134         0
     32/49     10.6G    0.0604  0.002074         0   0.06247        14       640  0.002222   0.03146 8.528e-05  2.68e-05    0.1556   0.00203         0
     33/49     10.6G   0.06277  0.002063         0   0.06484        22       640  0.001534   0.02022 5.831e-05  1.13e-05    0.1541  0.002139         0
