      0/64     12.4G   0.06973   0.00286         0   0.07259        28       640         0         0         0         0   0.07153  0.004613         0
      1/64     12.4G   0.07226   0.00223         0   0.07449        17       640         0         0         0         0   0.07083  0.004595         0
      2/64     12.4G   0.06516  0.002178         0   0.06734        25       640   0.01019   0.03333 0.0003748 3.748e-05   0.06938  0.004545         0
      3/64     12.4G   0.07218  0.002149         0   0.07433        35       640  0.008032   0.06667 0.0006317 9.722e-05   0.06706  0.004494         0
      4/64     12.4G   0.05536  0.001751         0   0.05711        21       640    0.0236   0.03304   0.00118  0.000118    0.0629  0.004444         0
      5/64     12.4G   0.04576  0.001445         0    0.0472        14       640      0.45       0.9     0.404   0.06091   0.05644  0.004422         0
      6/64     12.4G    0.0374    0.0015         0    0.0389        22       640       0.5         1    0.5065    0.2153   0.04898   0.00444         0
      7/64     12.4G   0.03488  0.001948         0   0.03683        28       640    0.4999         1    0.5068    0.2558   0.04631  0.004449         0
      8/64     12.4G   0.03229  0.001645         0   0.03393        23       640    0.4999         1    0.5153    0.2494   0.04611  0.004462         0
      9/64     12.4G   0.03359  0.001457         0   0.03505        12       640    0.4999    0.9996    0.5155    0.2638   0.04519  0.004481         0
     10/64     12.4G   0.03811  0.001312         0   0.03942        21       640    0.4998         1     0.518     0.204   0.04518  0.004473         0
     11/64     12.4G   0.03522   0.00133         0   0.03655        17       640    0.6458    0.7296    0.6413    0.1445   0.04334   0.00447         0
     12/64     12.4G   0.03275  0.001382         0   0.03413        27       640    0.9995    0.9667    0.9934    0.2666   0.03882  0.004425         0
     13/64     12.4G   0.03003  0.001039         0   0.03107        18       640    0.9998         1    0.9953    0.4815   0.03708  0.004316         0
     14/64     12.4G   0.03235  0.001319         0   0.03367        18       640    0.9998         1    0.9953    0.6048   0.03509  0.004286         0
     15/64     12.4G   0.02837  0.001084         0   0.02946        18       640    0.9999         1    0.9954    0.5884   0.03403  0.004254         0
     16/64     12.4G   0.02578  0.001305         0   0.02709        17       640         1         1    0.9954    0.5899   0.03328  0.004233         0
     17/64     12.4G   0.02664  0.001212         0   0.02785        28       640    0.9999         1    0.9953    0.6129   0.03272  0.004181         0
     18/64     12.4G   0.02862 0.0009062         0   0.02953        11       640    0.9999         1    0.9953    0.6687   0.03083  0.004135         0
     19/64     12.4G   0.02423   0.00113         0   0.02536        21       640    0.9999         1    0.9953    0.6638   0.03156  0.004149         0
     20/64     12.4G   0.02502  0.001196         0   0.02621        23       640    0.9999         1    0.9953    0.7176   0.03078  0.004147         0
     21/64     12.4G   0.02397   0.00114         0   0.02511        20       640         1         1    0.9953    0.7524   0.02998  0.004134         0
     22/64     12.4G   0.02422   0.00113         0   0.02535        11       640    0.9999         1    0.9953    0.7529   0.03056  0.004101         0
     23/64     12.4G   0.02649 0.0008739         0   0.02736        18       640    0.9999         1    0.9953    0.7622   0.03061  0.004098         0
     24/64     12.4G   0.02402   0.00113         0   0.02515        21       640         1         1    0.9953    0.7636   0.02986  0.004134         0
     25/64     12.4G   0.02148   0.00122         0    0.0227        16       640    0.9999         1    0.9953    0.7403   0.03164  0.004145         0
     26/64     12.4G   0.02755  0.001038         0   0.02859        17       640         1         1    0.9952    0.7213   0.03106  0.004177         0
     27/64     12.4G   0.02433  0.001047         0   0.02538        14       640    0.9999         1    0.9952    0.7654   0.02944  0.004232         0
     28/64     12.4G   0.02314   0.00111         0   0.02425        16       640    0.9999         1    0.9952    0.8039   0.02894  0.004256         0
     29/64     12.4G   0.02224   0.00118         0   0.02342        15       640    0.9999         1    0.9952    0.7673   0.02888  0.004221         0
     30/64     12.4G   0.02412  0.001301         0   0.02542        16       640    0.9999         1    0.9953    0.7931   0.02937  0.004212         0
     31/64     12.4G   0.02519  0.001144         0   0.02633        31       640    0.9999         1    0.9952    0.7615   0.02925  0.004177         0
     32/64     12.4G   0.02363   0.00109         0   0.02472        17       640    0.9999         1    0.9953    0.7554   0.02936  0.004215         0
     33/64     12.4G   0.02993  0.001256         0   0.03119        22       640    0.9999         1    0.9953     0.768   0.02915   0.00429         0
     34/64     12.4G   0.02286  0.001278         0   0.02414        21       640    0.9999         1    0.9953    0.7892   0.02834  0.004412         0
     35/64     12.4G   0.02371  0.001316         0   0.02503        22       640         1    0.9998    0.9953     0.766   0.02851   0.00455         0
     36/64     12.4G    0.0234  0.001145         0   0.02455        13       640    0.9998         1    0.9952    0.7838   0.02805  0.004608         0
     37/64     12.4G   0.02056   0.00135         0   0.02191        26       640    0.9998         1    0.9953    0.7362    0.0294  0.004589         0
     38/64     12.4G   0.01987  0.001174         0   0.02105        10       640    0.9998         1    0.9953    0.7363    0.0291  0.004567         0
     39/64     12.4G   0.01897  0.001285         0   0.02026        15       640    0.9996         1    0.9953     0.756   0.02803  0.004605         0
     40/64     12.4G    0.0204  0.001208         0   0.02161        15       640    0.9997         1    0.9953    0.7843   0.02709  0.004629         0
     41/64     12.4G   0.01966  0.001409         0   0.02107        25       640    0.9993         1    0.9953    0.7859   0.02724  0.004688         0
     42/64     12.4G   0.02025  0.001598         0   0.02185        11       640     0.967         1    0.9943     0.772   0.02675   0.00469         0
     43/64     12.4G   0.01944  0.001126         0   0.02057        21       640    0.9677    0.9998    0.9901    0.7643   0.02655  0.004736         0
     44/64     12.4G   0.01959  0.001148         0   0.02074        12       640    0.9677         1    0.9836    0.7591   0.02662  0.004754         0
     45/64     12.4G   0.02007  0.001108         0   0.02118        19       640     0.936         1    0.9824    0.7713   0.02603  0.004808         0
     46/64     12.4G   0.02089  0.001311         0    0.0222        32       640    0.9656    0.9667    0.9848    0.7863   0.02522  0.004857         0
     47/64     12.4G   0.02016  0.001053         0   0.02121        21       640    0.9088         1    0.9871     0.783   0.02443  0.004899         0
     48/64     12.4G   0.01853  0.001499         0   0.02003        18       640    0.9091    0.9997    0.9857    0.7815   0.02413  0.004854         0
     49/64     12.4G   0.01716   0.00109         0   0.01825        13       640    0.9091    0.9998    0.9847    0.7738   0.02449  0.004879         0
     50/64     12.4G   0.01949  0.001616         0   0.02111        26       640    0.9375         1    0.9866      0.78   0.02441   0.00489         0
     51/64     12.4G   0.01774  0.001286         0   0.01902        14       640    0.9088         1    0.9847    0.7653   0.02474  0.004873         0
     52/64     12.4G   0.01888  0.001322         0    0.0202        24       640    0.9091         1    0.9802    0.7719   0.02435  0.004865         0
     53/64     12.4G   0.01808  0.001094         0   0.01917        26       640    0.9091    0.9999    0.9823     0.763   0.02429  0.004851         0
     54/64     12.4G    0.0172  0.001374         0   0.01857        25       640    0.9089         1    0.9823    0.7832   0.02392  0.004891         0
     55/64     12.4G   0.01668  0.001193         0   0.01787        15       640    0.9375    0.9997    0.9846    0.7846   0.02352  0.004902         0
     56/64     12.4G   0.01797  0.001418         0   0.01939        30       640    0.9088         1    0.9802    0.7855   0.02313  0.004913         0
     57/64     12.4G   0.02072  0.001203         0   0.02193        23       640     0.909         1    0.9749    0.7883   0.02303  0.004893         0
     58/64     12.4G   0.01786  0.001192         0   0.01905        22       640    0.9091    0.9997    0.9749    0.7649   0.02309  0.004869         0
     59/64     12.4G   0.01921  0.001342         0   0.02055        25       640    0.9088         1    0.9729    0.7562   0.02325  0.004826         0
     60/64     12.4G   0.01827  0.001134         0    0.0194        16       640     0.909         1    0.9766    0.7508   0.02312  0.004808         0
     61/64     12.4G   0.01901  0.001151         0   0.02016        16       640     0.909         1    0.9766    0.7566   0.02304  0.004817         0
     62/64     12.4G   0.01809  0.001155         0   0.01925        21       640     0.909         1     0.974    0.7752   0.02287  0.004838         0
     63/64     12.4G   0.01855  0.001261         0   0.01981        23       640    0.9088         1     0.976    0.7806   0.02304  0.004821         0
     64/64     12.4G   0.01842  0.001163         0   0.01958        28       640    0.9088         1    0.9787     0.769    0.0232  0.004822         0
