      0/64     7.86G   0.03032  0.001124         0   0.03144        17       640    0.8704     0.125     0.136   0.04951   0.03442  0.001158         0
      1/64       11G   0.02876  0.001214         0   0.02997        15       640    0.7669    0.1786    0.1862   0.06251   0.03477  0.001025         0
      2/64       11G   0.03147  0.001116         0   0.03259        14       640    0.6233    0.1607    0.1665   0.05148   0.03654 0.0008341         0
      3/64       11G    0.0323  0.001285         0   0.03359        11       640    0.7484    0.1607    0.1806   0.05731    0.0345 0.0008718         0
      4/64       11G   0.02901  0.001159         0   0.03017         5       640    0.7598    0.1429    0.1599   0.03709   0.03356 0.0009241         0
      5/64       11G   0.02452  0.001092         0   0.02561        16       640    0.1286    0.3036    0.1137   0.01782   0.03381 0.0008962         0
      6/64       11G   0.01861 0.0008799         0   0.01949         8       640   0.08072    0.3036   0.02575  0.005342   0.03363 0.0009854         0
      7/64       11G   0.02302  0.000986         0   0.02401         8       640   0.04314    0.1071  0.007883   0.00142   0.03889 0.0007556         0
      8/64       11G   0.02405 0.0009609         0   0.02501         6       640    0.4462    0.1607    0.1456   0.02941   0.03269 0.0008169         0
      9/64       11G    0.0199 0.0009838         0   0.02088        13       640    0.5253    0.2679    0.1898   0.03659   0.03686 0.0006634         0
     10/64       11G   0.02123 0.0009831         0   0.02221        15       640    0.6901    0.5169    0.4405     0.128   0.02972 0.0007528         0
     11/64       11G   0.02448 0.0009132         0   0.02539        18       640    0.7096    0.3214    0.3117   0.06171    0.0337  0.000745         0
     12/64       11G   0.01857   0.00083         0    0.0194         8       640    0.2499    0.1071   0.04118   0.00865   0.03961 0.0007066         0
     13/64       11G   0.02123 0.0008653         0    0.0221        12       640    0.1211     0.125   0.06784     0.025   0.03756 0.0007672         0
     14/64       11G   0.01478 0.0008059         0   0.01558        15       640     0.722    0.3393    0.3711    0.1237    0.0318 0.0008109         0
     15/64       11G   0.01755 0.0007858         0   0.01833        16       640    0.8889    0.2857    0.3033   0.06108    0.0346 0.0007944         0
     16/64       11G   0.01685 0.0007307         0   0.01758        13       640    0.7772    0.3738    0.4033    0.1052   0.03212 0.0007862         0
     17/64       11G   0.01566 0.0008808         0   0.01654        14       640    0.6353    0.4286    0.3941   0.08093   0.03487 0.0007162         0
     18/64       11G   0.01434  0.000702         0   0.01504         8       640    0.8351    0.3571     0.372    0.1356   0.03182 0.0008228         0
     19/64       11G   0.01591 0.0007192         0   0.01663         4       640    0.5539    0.2679    0.2402    0.0588   0.03579 0.0008104         0
     20/64       11G   0.01971 0.0007818         0   0.02049        10       640         0         0         0         0    0.0426 0.0006614         0
     21/64       11G   0.01524 0.0008681         0   0.01611        14       640    0.7488    0.4821    0.4648   0.09717   0.03007 0.0008549         0
     22/64       11G   0.01625 0.0008098         0   0.01706        14       640    0.7392    0.4643    0.4312    0.1068   0.03277 0.0007985         0
     23/64       11G    0.0175 0.0007486         0   0.01825        14       640    0.6646      0.25    0.2349   0.05954   0.03441 0.0009414         0
     24/64       11G   0.01507 0.0006867         0   0.01575        10       640    0.6566      0.25    0.2402   0.07014    0.0345 0.0008554         0
     25/64       11G   0.01546 0.0007999         0   0.01626        16       640    0.5561     0.125    0.1118   0.02997   0.03636 0.0007892         0
     26/64       11G   0.01667  0.000753         0   0.01743         8       640    0.8461    0.6071    0.6287    0.1706   0.02824 0.0008293         0
     27/64       11G   0.01442 0.0008134         0   0.01523        16       640    0.7786    0.1429     0.147   0.04524   0.03846 0.0007114         0
     28/64       11G   0.02496 0.0007643         0   0.02572        17       640    0.8856    0.4286    0.4582     0.159   0.03071  0.000839         0
     29/64       11G   0.01491 0.0007322         0   0.01564         8       640    0.8918     0.589    0.6638     0.319   0.02525 0.0008112         0
     30/64       11G   0.01358  0.000808         0   0.01439        13       640    0.7871    0.6786    0.6566    0.2663    0.0244 0.0008671         0
     31/64       11G    0.0146 0.0006872         0   0.01528        14       640    0.8696    0.4821    0.4926    0.1471   0.02974 0.0008334         0
     32/64       11G   0.01886 0.0007691         0   0.01963        12       640    0.6849    0.4107    0.3667   0.09662   0.03255 0.0008059         0
     33/64       11G   0.01374 0.0008425         0   0.01458        19       640    0.1391   0.01786   0.00215  0.000215   0.03979 0.0006586         0
     34/64       11G   0.01663  0.000733         0   0.01736        10       640    0.4191    0.2449    0.1603   0.03124   0.03493 0.0007439         0
     35/64       11G   0.01537 0.0007163         0   0.01609        15       640    0.6914    0.4107    0.3789   0.08344   0.03273 0.0008191         0
     36/64       11G   0.01544 0.0007613         0    0.0162        13       640    0.5833     0.375    0.3484    0.1074   0.03222 0.0007777         0
     37/64       11G   0.01657 0.0007729         0   0.01734        15       640    0.7866    0.5536    0.5319    0.1941   0.02961 0.0009659         0
     38/64       11G   0.01667 0.0006941         0   0.01736        13       640    0.3597   0.05051   0.04041  0.006975   0.03724  0.001008         0
     39/64       11G   0.01605 0.0007437         0   0.01679        10       640    0.4129    0.1786    0.1184   0.02424   0.03647 0.0007835         0
     40/64       11G   0.01755  0.000795         0   0.01834        12       640    0.6143    0.2857    0.2346   0.06314   0.03151 0.0008357         0
     41/64       11G   0.01601 0.0007613         0   0.01677        14       640         0         0         0         0   0.04143 0.0006406         0
     42/64       11G   0.01459 0.0007754         0   0.01537        15       640    0.5794    0.3214    0.2547   0.07009   0.03222 0.0008215         0
     43/64       11G   0.02055 0.0007653         0   0.02132        10       640    0.4985    0.3214    0.2329   0.05835   0.03138 0.0008689         0
     44/64       11G   0.01319 0.0007063         0   0.01389        12       640    0.5306    0.2857    0.2625   0.06109    0.0345 0.0007932         0
     45/64       11G   0.01232 0.0006728         0   0.01299        13       640    0.9142    0.5708    0.5753    0.1937   0.03055 0.0008317         0
     46/64       11G   0.01296 0.0007213         0   0.01368         7       640    0.6948    0.2143    0.2025   0.06019   0.03495 0.0007949         0
     47/64       11G   0.01483 0.0006727         0    0.0155         9       640    0.5837    0.1964    0.1663   0.05687   0.03564 0.0007694         0
     48/64       11G   0.01569 0.0007384         0   0.01643        10       640    0.8284    0.5174    0.5178    0.1848   0.03011 0.0008461         0
     49/64       11G   0.01998 0.0007819         0   0.02076        12       640     0.914    0.3929    0.4161    0.1373   0.02975 0.0008714         0
     50/64       11G   0.01261 0.0008404         0   0.01345         5       640    0.8273    0.4279    0.4392    0.1452    0.0291 0.0008568         0
     51/64       11G   0.01429 0.0007712         0   0.01506        19       640    0.6974     0.375    0.3919    0.1292   0.02973 0.0008774         0
     52/64       11G   0.02209 0.0007325         0   0.02283        16       640    0.9627    0.4643    0.5512     0.212   0.02767 0.0008743         0
     53/64       11G   0.01266 0.0006907         0   0.01335        11       640    0.8506    0.5179    0.5871    0.2121   0.02755 0.0009143         0
     54/64       11G   0.01233 0.0006918         0   0.01302        14       640    0.9294    0.2679    0.2813   0.08983   0.03188 0.0008591         0
     55/64       11G   0.01414 0.0007827         0   0.01492        14       640    0.9305    0.4785    0.5462    0.2342   0.02714 0.0008869         0
     56/64       11G   0.01646 0.0007391         0    0.0172        11       640    0.9373    0.5343    0.5802    0.2428   0.02753 0.0008801         0
     57/64       11G   0.01779 0.0007908         0   0.01858         6       640    0.7672    0.5893    0.5835    0.2463   0.02772 0.0008442         0
     58/64       11G   0.01331 0.0006632         0   0.01397        16       640    0.7904    0.4107    0.4424    0.1302   0.03108 0.0008294         0
     59/64       11G   0.01452 0.0007789         0    0.0153         5       640    0.6662    0.3929    0.3917    0.1053   0.03175 0.0008309         0
     60/64       11G   0.01192 0.0007126         0   0.01263         8       640    0.5433    0.5524    0.4793    0.2185   0.02805 0.0009577         0
     61/64       11G    0.0132 0.0007725         0   0.01397        18       640    0.8599    0.4464    0.5123    0.1782    0.0288 0.0008924         0
     62/64       11G   0.01424 0.0007477         0   0.01499        11       640     0.524    0.3214    0.2903   0.07489   0.03179 0.0008427         0
     63/64       11G   0.01432 0.0007836         0    0.0151        10       640    0.9161    0.3899    0.4232     0.145   0.02906 0.0008563         0
     64/64       11G   0.01441 0.0009274         0   0.01533        11       640    0.5679    0.3571    0.3363    0.1148   0.03131 0.0007577         0
